0 2
0.10000000000000001 6
0.20000000000000001 14
0.30000000000000004 20
0.40000000000000002 20
0.5 20
0.59999999999999998 20
0.69999999999999996 20
0.79999999999999993 20
0.89999999999999991 20
0.99999999999999989 20
1.0999999999999999 20
1.2 20
1.3 20
1.4000000000000001 20
1.5000000000000002 20
1.6000000000000003 20
1.7000000000000004 20
1.8000000000000005 20
1.9000000000000006 20
2.0000000000000004 20
2.1000000000000005 20
2.2000000000000006 20
2.3000000000000007 20
2.4000000000000008 20
2.5000000000000009 20
2.600000000000001 20
2.7000000000000011 20
2.8000000000000012 20
2.9000000000000012 20
3.0000000000000013 20
3.1000000000000014 20
3.2000000000000015 20
3.3000000000000016 20
3.4000000000000017 20
3.5000000000000018 20
3.6000000000000019 20
3.700000000000002 20
3.800000000000002 20
3.9000000000000021 20
4.0000000000000018 20
4.1000000000000014 20
4.2000000000000011 20
4.3000000000000007 20
4.4000000000000004 20
4.5 20
4.5999999999999996 20
4.6999999999999993 20
4.7999999999999989 20
4.8999999999999986 20
4.9999999999999982 20
5.0999999999999979 20
5.1999999999999975 20
5.2999999999999972 20
5.3999999999999968 20
5.4999999999999964 20
5.5999999999999961 20
5.6999999999999957 20
5.7999999999999954 20
5.899999999999995 20
5.9999999999999947 20
6.0999999999999943 20
6.199999999999994 20
6.2999999999999936 20
6.3999999999999932 20
6.4999999999999929 20
6.5999999999999925 20
6.6999999999999922 20
6.7999999999999918 20
6.8999999999999915 20
6.9999999999999911 20
7.0999999999999908 20
7.1999999999999904 20
7.2999999999999901 20
7.3999999999999897 20
7.4999999999999893 20
7.599999999999989 20
7.6999999999999886 20
7.7999999999999883 20
7.8999999999999879 20
7.9999999999999876 20
8.0999999999999872 20
8.1999999999999869 20
8.2999999999999865 20
8.3999999999999861 20
8.4999999999999858 20
8.5999999999999854 20
8.6999999999999851 20
8.7999999999999847 20
8.8999999999999844 20
8.999999999999984 20
9.0999999999999837 20
9.1999999999999833 20
9.2999999999999829 20
9.3999999999999826 20
9.4999999999999822 20
9.5999999999999819 20
9.6999999999999815 20
9.7999999999999812 20
9.8999999999999808 20
9.9999999999999805 1
10.09999999999998 1
10.19999999999998 1
10.299999999999979 1
10.399999999999979 1
10.499999999999979 1
10.599999999999978 2
10.699999999999978 2
10.799999999999978 2
10.899999999999977 2
10.999999999999977 2
11.099999999999977 2
11.199999999999976 3
11.299999999999976 3
11.399999999999975 3
11.499999999999975 3
11.599999999999975 3
11.699999999999974 3
11.799999999999974 3
11.899999999999974 3
11.999999999999973 3
12.099999999999973 3
12.199999999999973 3
12.299999999999972 3
12.399999999999972 3
12.499999999999972 3
12.599999999999971 3
12.699999999999971 3
12.799999999999971 3
12.89999999999997 3
12.99999999999997 3
13.099999999999969 3
13.199999999999969 1
13.299999999999969 1
13.399999999999968 1
13.499999999999968 1
13.599999999999968 2
13.699999999999967 3
13.799999999999967 3
13.899999999999967 3
13.999999999999966 4
14.099999999999966 5
14.199999999999966 5
14.299999999999965 6
14.399999999999965 6
14.499999999999964 7
14.599999999999964 7
14.699999999999964 7
14.799999999999963 8
14.899999999999963 8
14.999999999999963 8
15.099999999999962 9
15.199999999999962 9
15.299999999999962 10
15.399999999999961 10
15.499999999999961 10
15.599999999999961 10
15.69999999999996 11
15.79999999999996 11
15.899999999999959 11
15.999999999999959 12
16.099999999999959 12
16.19999999999996 12
16.299999999999962 13
16.399999999999963 13
16.499999999999964 13
16.599999999999966 14
16.699999999999967 14
16.799999999999969 14
16.89999999999997 15
16.999999999999972 15
17.099999999999973 15
17.199999999999974 16
17.299999999999976 16
17.399999999999977 16
17.499999999999979 17
17.59999999999998 17
17.699999999999982 17
17.799999999999983 18
17.899999999999984 18
17.999999999999986 18
18.099999999999987 19
18.199999999999989 19
18.29999999999999 19
18.399999999999991 20
18.499999999999993 20
18.599999999999994 20
18.699999999999996 20
18.799999999999997 20
18.899999999999999 20
19 20
19.100000000000001 20
19.200000000000003 20
19.300000000000004 20
19.400000000000006 20
19.500000000000007 20
19.600000000000009 20
19.70000000000001 2
19.800000000000011 2
19.900000000000013 2
20.000000000000014 2
20.100000000000016 2
20.200000000000017 2
20.300000000000018 2
20.40000000000002 2
20.500000000000021 2
20.600000000000023 2
20.700000000000024 2
20.800000000000026 2
20.900000000000027 2
21.000000000000028 2
21.10000000000003 2
21.200000000000031 2
21.300000000000033 2
21.400000000000034 2
21.500000000000036 2
21.600000000000037 2
21.700000000000038 2
21.80000000000004 2
21.900000000000041 2
